$ANSIBLE_VAULT;1.1;AES256
34386466643631353137633239346662393864376436363264363761646637363061616361343363
3538383037613739646434653863386539326335643436360a333931343434353362366164623535
64663137343737353631653661623164623665623964323833306136343936346538306663326337
3934616333633733630a316633336430326564656162613038643966623833383966326362366438
31346131336536353461643262306665396436393636636566633636316138303762373764663761
64343861663761663231303264393266623561393036363364303233373864613533343863666462
39633964613931613431383637353834656363613366353335323566316536363335376463346230
37346561636635663930353766663439636366633866636237373264303135313933343737663333
33346235653862636436366136653838373536363730373235653632373636323334633464633830
66366537366465393761643231393362353138326236663532393834643661643331646536393636
37326130646563396233316130616563353631646362353766313335613336363265633766386563
30396465356134306562343062383766383439303933623032663161363531343533303839626439
39633439666232336434363230326565646363323364396263613333333030303832303436376639
35366630643962653138323531343762363863343538623564616630636630333561373033613964
32303566363066393163653663383637383138343834353831646536363265383635306133386363
31366461343533306539303834316131333333306137393763333631343839386265343434396236
63646563656339333732383666326362363939663465373138343862373930383931613165303137
33316137323837663537333337346663666261373362633536393439643833303137326361343137
35653230333139653631636637303530653439653664663964663762663739316266316538393932
33303032633734303737336266613462393663366532616263646435663336643030643935326464
31623963383132643438643133393532393065313439646264396562333863636364663731323866
61376132366236666431373562633232646439376239373938623730363233663338643665656164
31633965356634316137313535303634386466376166343537656433386165353765346163383639
31393665363463313834303432663038663963636364623834666439653237356464373337616665
33663766356230663561356335373039316332656337323433353334353566636663323862393461
33306437396266396664623038376166626363303539306433336338393630393263643434336238
36666333333236636433323033343764316564336433633262333430393434356664356630363366
31653838303666636565643031343666373032363131666130313032656239366632633439613534
61363462396432393238313234666634326635363533333331333032633538303235663733666533
36643664393339333839383331656566646365613663336465666566626466343030666339363837
62653831643766356465623633633861643430643430313636376131613332613066626237363833
66653933333335333538393561306132633364306238313539386166323138393065626330366162
34316138363265613362626164313139623038623232373436356433316236646138646365656430
38653330643231353532323737326238343837363734343835643237613666363966303137386438
31636663346466336230393262376437646263353834326161336339663133353261623135373239
34333932303761663431306563633564353833653633663866326361653439316234363637376263
30636634616366636661656331616165303132616665303739363736626232626136353530366132
38386134306164306563633736613530313739366564323338346264393033376236636261633965
31356664313663383938303532383833343034353131353134646539363637333837623563393239
66643833363964366634323734303837626531316135373864623337316664356262303637663236
30623562623538316233346563653465653537396565326264643863663537343339353438636666
61666266353939326330346430323934623733393936323433653239343239386533343264353834
62613538343932303735663739333732343663373166663935363138653733333339646139303561
65393561623436366330626530666532396562653862646665303664626264323535653236646565
39326364666635333062313864326264633531336435646164356439306366393532613031663362
63343666643237323765663862643539353138396265323936323733623662393130666434323134
63626566343863353463336463616365313638393530393261353836313862623261333431306466
64393164343065366661643162363239663433666532326239386438326238623930363730636532
32316534316635336461386236636265383563633661613362383833333031656163336466343033
63333732323462653562316136343761343961386137393564626439333461336332666165363231
38666363623337643464306631323963343330303233663165396630363062653461376435613433
65386231613830623736643831643537343666373437393937353334613866326134376630303736
35366462376361356239303662663866303063353834383939383535303561303065366337336433
37393131363261303162373437363838343863373338303766333934346462336635643936316136
30393534633236303263346330663965623635663566643831663131623133366163346665623461
61346339386564303830383732643461636531633531613864316666336336633637316366363139
64643433333162353530373737376432306364666165366535646364623933353734666262653137
33356166613830316232306365323537383431613831306535613363396264613466393233373764
37393839643430343666646238656161373362626264343635303237373230636530613564663264
62316332613061326636323763343938386533323734393062303363613232636462333530373863
36383264666363393339356333303639613265393239303862323938313765623630323831633064
37643432373634363061643462336631666330623061323137626464626363343634393635613138
61636135323731646333316166303361336435306136646536343562663661383638393539393063
30353062656131653666346561323138303764383434306663386661303739623830326337323661
36656234656437383161353438633838373533363830333035646231396630363465326264643136
33656564316361646134626337626364653763663536613833363463393735333235653263363262
61653765343838376537393463303030363762383432383261343162366366333338396362373936
66336434363233623662633134333330386435633933396130626464323763623131353237316261
36353231626566353731353764303562393439333535383230323637643562356535633566386139
38303266323138613339663030343439663564353434623033346263323262303633346431336435
36343263393236336661366434636365346634653335366632396534326334363461663833303762
38613832333531626133386366383135646263356335356533656666653230303032303265633338
38313366626166663361316161363236336232313734653761393663363061663236363861623035
36656634626637356134636364616366356432343231326639616238333032353762353864626364
38366231333538656331386364366363323030373462646437373961326166613532363932616436
63633930333166363561653935663439656163666536393738313365393764363238613032333037
65613664653539663532383963653438613132613130366266616662383337393062343539326262
66393035366564373739656261376165303361303635333439306564643334393065383866636436
36653033663537653031376537343939656334396237323834613436316664326466663331633834
39303163363834643563366537633330643463643061366664313361346261343165623135663639
66613136656434633762633734316664363638653132613939633439363732313333373165303236
63356363393964386535333664373435353838346134633733336661366436306237393065653135
37343736343831646239343931363962663661343762376537353261393338303137376263316164
64346337613963316434313563633938653030623664383361633131613832663736313532633566
61393537303331643561633232623664386539636462376239616461333837636633333233356132
61373338373030373736363037653330613835633834306436373336663234613933396464616566
34336362313730333962656432336134656364666535316662376265623336346630316564656531
37663139336134653934636136386139663432643333316534383665373835323639303332633163
30333661376333636361343132303839396233663837353137326666356637636630663763616433
62656335333665636434623732326139666564383566613237303165366632343435636130303030
32633363396662663766303331363237623338383937353362373933633535306334633663653066
30633632653364633033383735303965386437383661336463643964386539306333623136366661
64613130353430646465353236393863306337613166396565303364316264393439663365613266
65393162333730333566653664323366316464313165326662393633383539343265356662656365
61613861653661623433383635653462623835363661366561303961376530633537626666393632
34316662636665316236663133633236623864626439383939643263336564663561613234386234
66666238306362383564343865623333313534336662633130346432376234346166636365306566
36626338616362373637373735663966353461396132396638646130316439656335393366653064
61383965323732626364383532396332313361323566303331353939613438363861663830663936
37356265613233633366623762323434633965306461336534313332313837663461386232666338
32643732376431306330633839393833343966643561343762376366333561373939306665623534
39396333623137366164313865353534623333373339616166323365643036653737353933363139
39346462356531356238333732313761643136346536626639656332633638376561306565306366
32306632386136376133663661623264383938633231633136373062313465393032666236626433
63643432313133643061636536366366613434633431616262316437323164656532363039363863
31393935653635373666623635356538353565663037383761313161343439346362373333386636
61373663313162346362623866646533643865643136353132303161356235313966636331626534
31656530333663326634626566626537343166323665386339306130353135646633613937326565
31343761333238613332306135633636313938323939656231396237373764326435306332336639
34346439626335303463376233386230626564396231356538656162363438646537313430626135
66646362303365613962326435366232313737653635336334356135653566333963336435626162
63353666306236633064613063663436313635366236316431346631333038633764353134366361
34353935376139353537386462333436613830623566666235653236346166313033303033343434
65626533343863396336343738636537383938653836363765646332386530383234336132306665
66313461303064653338393966306434306331616631353564353936383266636538323934303735
63386630646530653465633430663364316662396166356164373035626163396235323466613234
32383435643137666164656330303365663263613864666231356465373134366135326165656164
32326238616531393835383236663934383737396538376631346537656437336637373965643065
65396430346534633264366236353261363736336665653162366362343730386333376563663964
32666264373165343063356664333131386433616631386135663761366163373637616635363165
64613635393639313836313833653131313439343363656131383838343264343533646430303461
32663532653239663133626162393534373363633166363037613165666330333436633233313338
38353762356130326165626337313366306530363263303763393866343735663065373533373639
33636234343934383836353961633331626563643439616439323064643634363066323331626437
32376634366164306433633337366366646463646230306431633231393239653065616633616437
33633731636431623837303635666465386433646432643332626230366565316366656237343264
31613232346562316339323835616662316663663232393863303566633538663236653866613261
33653630343865653732396566373739333231366433366365653836363962666666303530336434
34393633653033396238646532653461336239356533613564343861646330613730656561383439
31316566336333343038353131323636396631633266633638323730623935303131363064363937
62303239636233636639336236343937623638316138386465656631316565623464633537666637
31633735623236396462623861643333393538643538303062633663326336343436626434383234
34336261626137346534633465316162346331393237616236656366613431616532373064623937
61633131343464303437363061393262636466343965653933653537396136346135383463346465
37666365636335326161623437623236386632326433346135643164303734643637633965333766
38633530613732623264646531363836333530663166343038346163626566643463366561303765
63373066373833353430636662626230333835393035376236316566366130646430623365623830
65633136653132363064396462383138333736623439616166616130383263623230666634663235
38323638323339646339363731323539316163313463643530653236383364653334626131396563
39383762326333623134633065313762306264623062393635346336363164363864636263316162
33303730663230373235376535376531663837386162323837336431656666663564333665646232
62366537313339303630633465326661626134346636666164393932363834643132613631393361
62303330656539346164623163643232393638373731636362376130373166303538346164343563
37333435636633373930376133633238333463636238373230356139343465626636653937386338
64383831393465616565393234353931656139633631386633623561636536333237393161373866
32393132346130373538303064356163333466356364326236636163626139313661653561363239
65656531353231626633346630366363663435393230356630386666323231623864653062653337
36313362653032643662386333643635373464343534333431663864646163356464333161353866
37616333343436316336633836356339313938316231323434356465376539623635363339613063
31366537613834343935386236663932313164643063373863646430636262343932323139383161
33383032316431313061383963636263393033386366636361616636363962363238383433343362
66393038643862633233366463323835653737313331333932313235343361303366303165643235
33313362653235343238656439306463313034623036383934643561623932656232376237326663
65333066363365323464363735313762336132396263616535333633343063303238653237353562
30323764366338643761383133643461303865383063393333346666363065623738653063366333
31623932366133346561643561613661666338383631356437616230393235663532646631376331
64643339373163663734343864343231653662366663306463353739393862663034386133623435
35346563383937313434396262616162363034613837353934386334616335386630623463396462
62396338396436613630353463633663383338626561333463383834323034313836646438393437
65356634343735663432616535636161643064626363383261346562396366346264626666303266
38626337653335323031653235616266623331666664306335306430316338646637366461323162
63643464393064326262353630356538306533396139366431383633313664343732323561663331
31336231626134333738373566613532343137323133653862653062616262316664633638623865
35613765343331636465383661613934323838626463373265336633623664333561626637646132
62616461306132336230616436363231363961383763636335396464376632663366326364346635
3864653930373036343232363564313462663165353564613464
