$ANSIBLE_VAULT;1.1;AES256
36656137666362323833336539326538653435623861636363613136343963616462346638343834
6235333366653261653031653561373637656430643962350a626130353536326565326631386466
32316666646536303930366536313630646438643535373863353662373564326537316538643331
3664386631303932650a353333326363373739366630373764633762303464303362633461623062
30323330306630643363373766306339343537393431343535663038646132343566653335633566
62313534326138376262666265343065373131316433336633333132643835353465323834653238
37306233303866653364373362396530613564313231633761313938663662343966646131333535
39343930633733623234363361616431373337623535323239393135393530613565386632643664
33393030633965303631366638373034313430353230383466383564633863643130656365633563
62306663353561373664363463633764323061343239633633633265323664646632383831386234
64366535396461623437383739346364393037323838623435636163663932316639303662376162
63323133663730636537633465306639323365613637613831393838346534316333373235653666
61303565396564623665313632323366656630626233393161333536663139336266313764323264
33346138633366373539386135323264396262393466373364373638366337393139633832326465
31313033393736386139323166393131383763353731336162373132656662643930356562623864
34323564353237376164346332636465313838653237643736353139643736376336323163376631
38373637626663383033616362623733383035636532323366643030333633656434323639363630
38643637656533383639636233353465656431626664393532663131326361333761616565363865
38376231363339636539616633346338356232323638303732636363323465643436613130666333
64616461353137316233666136393866353936366464376666633061623336646530623064633139
35343530333537646633373835396437306463326436643738656237393832636333656131306563
65323537633736646366323234373566633163366533646461326564626139373765636538343461
643030616235643463393061323538616133
